,date,1. open,2. high,3. low,4. close,5. volume
319,2021-01-25 05:00:00,72.5,136.63,72.2,105.39,1194735.0
318,2021-01-25 06:00:00,106.77,109.0,86.25,96.77,885972.0
317,2021-01-25 07:00:00,96.93,101.7,90.35,94.43,784325.0
316,2021-01-25 08:00:00,94.48,97.0,86.72,91.65,2187519.0
315,2021-01-25 09:00:00,91.71,104.53,86.9999,98.05,4674120.0
314,2021-01-25 10:00:00,98.265,103.0,86.32,89.76,19162322.0
313,2021-01-25 11:00:00,89.685,159.18,85.0,117.07,51720237.0
312,2021-01-25 12:00:00,117.07,120.0,85.39,99.56,20758922.0
311,2021-01-25 13:00:00,99.99,103.0,61.13,69.42,25133190.0
310,2021-01-25 14:00:00,69.3,81.5,65.37,76.7499,17781046.0
309,2021-01-25 15:00:00,76.6241,96.1192,74.16,77.0001,17297869.0
308,2021-01-25 16:00:00,77.19,132.45,71.1001,76.765,15181166.0
307,2021-01-25 17:00:00,76.7698,79.75,72.0,78.5,919573.0
306,2021-01-25 18:00:00,78.39,83.5,78.3,81.71,917538.0
305,2021-01-25 19:00:00,81.71,158.09,81.65,82.8801,200184.0
304,2021-01-25 20:00:00,82.9,90.0,82.9,88.87,685503.0
303,2021-01-26 05:00:00,90.0,100.0,90.0,94.0,269334.0
302,2021-01-26 06:00:00,94.25,94.25,86.03,88.55,143907.0
301,2021-01-26 07:00:00,89.0,91.0,87.5,88.5,58588.0
300,2021-01-26 08:00:00,88.89,94.39,86.39,91.51,910935.0
299,2021-01-26 09:00:00,91.62,94.39,86.15,89.25,977656.0
298,2021-01-26 10:00:00,89.0,101.62,81.05,87.57,16354218.0
297,2021-01-26 11:00:00,87.575,94.0,80.2,87.6101,16466769.0
296,2021-01-26 12:00:00,87.62,90.68,81.0,87.7999,7316533.0
295,2021-01-26 13:00:00,87.685,114.24,87.68,105.5556,20647463.0
294,2021-01-26 14:00:00,105.3137,124.5799,96.99,114.5499,31838143.0
293,2021-01-26 15:00:00,114.2538,143.89,112.0,131.845,32448423.0
292,2021-01-26 16:00:00,131.6913,150.0,127.0,145.965,33611620.0
291,2021-01-26 17:00:00,146.2,244.0,138.0,224.45,11327636.0
290,2021-01-26 18:00:00,224.6,248.9,203.0,208.14,4415925.0
289,2021-01-26 19:00:00,208.1,231.5,205.11,225.0,1538541.0
288,2021-01-26 20:00:00,225.0,227.19,207.95,209.51,696310.0
