,date,1. open,2. high,3. low,4. close,5. adjusted close,6. volume,7. dividend amount,8. split coefficient
6,2021-02-16,52.66,53.5,49.04,49.51,49.51,8175030.0,0.0,1.0
7,2021-02-12,50.75,55.24,48.05,52.4,52.4,14573264.0,0.0,1.0
8,2021-02-11,50.01,55.32,48.2201,51.1,51.1,13056725.0,0.0,1.0
9,2021-02-10,50.77,62.83,46.55,51.2,51.2,35943280.0,0.0,1.0
10,2021-02-09,56.61,57.0,46.52,50.31,50.31,25598598.0,0.0,1.0
11,2021-02-08,72.41,72.66,58.02,60.0,60.0,25687282.0,0.0,1.0
12,2021-02-05,54.04,95.0,51.09,63.77,63.77,81345013.0,0.0,1.0
13,2021-02-04,91.19,91.5,53.33,53.5,53.5,62427275.0,0.0,1.0
14,2021-02-03,112.01,113.3999,85.25,92.41,92.41,42698511.0,0.0,1.0
15,2021-02-02,140.76,158.0,74.2201,90.0,90.0,76663691.0,0.0,1.0
16,2021-02-01,316.56,322.0,212.0,225.0,225.0,37382152.0,0.0,1.0
17,2021-01-29,379.71,413.98,250.0,325.0,325.0,49414294.0,0.0,1.0
18,2021-01-28,265.0,483.0,112.25,193.6,193.6,58815805.0,0.0,1.0
19,2021-01-27,354.83,380.0,249.0,347.51,347.51,90516825.0,0.0,1.0
20,2021-01-26,88.56,150.0,80.2,147.98,147.98,161894423.0,0.0,1.0
21,2021-01-25,96.73,159.18,61.13,76.79,76.79,177874000.0,0.0,1.0
22,2021-01-22,42.59,76.7573,42.32,65.01,65.01,194084194.0,0.0,1.0
23,2021-01-21,39.23,44.75,37.0,43.03,43.03,57079754.0,0.0,1.0
24,2021-01-20,37.37,41.1899,36.06,39.12,39.12,33471789.0,0.0,1.0
25,2021-01-19,41.55,45.52,36.64,39.36,39.36,74721924.0,0.0,1.0
26,2021-01-15,38.49,40.75,34.01,35.5,35.5,46866358.0,0.0,1.0
27,2021-01-14,38.09,43.06,33.05,39.91,39.91,93717410.0,0.0,1.0
28,2021-01-13,20.42,38.65,20.03,31.4,31.4,143530129.0,0.0,1.0
29,2021-01-12,19.96,20.4,19.3168,19.95,19.95,6999775.0,0.0,1.0
30,2021-01-11,19.41,20.65,19.01,19.94,19.94,14927612.0,0.0,1.0
31,2021-01-08,18.18,18.3,17.08,17.69,17.69,6481960.0,0.0,1.0
32,2021-01-07,18.47,19.45,18.02,18.08,18.08,6129276.0,0.0,1.0
33,2021-01-06,17.34,18.98,17.33,18.36,18.36,6056248.0,0.0,1.0
34,2021-01-05,17.35,18.0765,17.23,17.37,17.37,4961457.0,0.0,1.0
35,2021-01-04,19.0,19.1,17.15,17.25,17.25,10022474.0,0.0,1.0
36,2020-12-31,19.25,19.8,18.8,18.84,18.84,6922652.0,0.0,1.0
